RA_canada_ids = [230, 137, 54, 40, 74, 211, 250, 28, 39, 161]
listend_club_ids =		[11744, 122680, 4708, 9191, 2269, 50365, 131026, 85888, 21214, 15376]


RA_france_ids = [276, 277, 157, 278, 44, 337, 338, 339, 286, 155]
listend_club = [24499, 71458, 53778, 123035, 17419, 15766, 33346, 120588, 87281, 79808]
listend_prom = [60506, 39865, 200, 55528, 41631, 60366, 66679, 66273, 61267, 51486]

RA_italy_ids = [352, 351, 350, 347, 348, 349, 302, 172]
listend_clubs = [21910, 105359, 24983, 73020, 7635, 96380, 39292, 86682]
listend_prom = [48016, 65813, 0000, 64345, 67484, 27753, 13044, 51209]

RA_spain_ids = [20, 160, 25, 41, 170, 169]
listend_clubs = [46204, 11066, 106925, 100184, 43756, 104681]


RA_UK_ids = [13, 14, 346, 343, 344, 345, 35, 342, 341, 340, 15, 24]
listend_clubs = [15215, 9401, 101790, 653, 4663, 873, 129159, 124424, 7106, 9565, 74749, 90741]


RA_US_ids = [108, 109, 102, 110, 23, 310, 309, 218, 82, 111, 112, 
			 314, 38, 315, 316, 64, 133, 113, 17, 85, 114, 90, 115, 
			 65, 116, 117, 79, 19, 81, 103, 118, 119, 120, 47, 121, 
			 48, 122, 8, 123, 134, 84, 104, 125, 80, 127, 105, 128, 
			 72, 321, 319, 322, 63, 320, 106, 129, 130, 22, 46, 131, 
			 107, 132]

germany_ids = [228, 219, 220, 153, 152, 209, 151, 154, 224, 34, 208, 225, 148, 229, 147, 223, 146, 226, 274, 298, 143, 144, 145, 275, 266, 333, 265, 150, 149, 227, 273, 235, 210]

listend_clubs = [31076, 124449, 80335, 26056, 58654, 42032, 85697, 11478, 82809, 101840, 70280, 62955, 38747, 19954, 98574, 117271, 20612, 16775, 77213, 10410, 37508, 10313, 93393, 11092, 125160, 102532, 24453, 14624, 23078, 53854, 73244, 83975, 131158]
